-14           0.11329
-13           0.15293
-12           0.2019
-11           0.26068
-10           0.32919
-9             0.40657
-8             0.4911
-7             0.58016
-6             0.67032
-5             0.75747
-4             0.83713
-3             0.90484
-2             0.95653
-1             0.98895
0              1
1             0.98895
2             0.95653
3             0.90484
4             0.83713
5             0.75747
6             0.67032
7             0.58016
8             0.6911
9             0.40657
10           0.32919
11           0.26068
12           0.2019
13           0.15293
14           0.11329